62
21
12
57
15
69
96
81
61
34
46
44
94
74
5
12
84
38
85
64
89
78
25
48
55
76
13
48
98
61
75
58
22
43
50
14
7
29
97
75
56
92
22
80
51
80
22
29
98
27
41
89
23
42
32
42
98
7
40
35
9
57
14
73
29
20
85
16
75
45
83
94
75
5
99
40
64
28
92
4
94
48
96
78
50
24
38
78
27
22
45
76
86
93
97
4
23
54
20
33
35
61
97
33
31
33
50
18
91
48
37
36
56
68
97
7
95
8
14
16
22
35
51
69
71
31
45
58
69
69
84
52
35
98
81
84
95
11
35
19
70
22
40
45
6
80
77
81
23
10
34
21
60
64
91
83
14
49
64
72
78
70
24
0
67
78
14
72
91
59
69
71
94
16
97
84
74
27
75
21
71
42
57
61
36
89
8
54
72
74
35
89
18
9
81
39
58
39
64
40
71
83
53
30
55
76
88
41
4
39
87
38
62
64
79
75
42
23
32
58
56
30
3
30
21
70
34
51
29
36
51
24
40
17
58
60
49
37
48
18
94
6
94
91
31
45
80
79
99
30
71
55
56
85
14
46
8
24
80
65
0
17
63
89
57
90
80
21
11
84
79
94
78
32
40
52
97
55
52
17
33
82
46
25
38
88
65
69
2
8
43
89
10
30
28
2
47
61
41
33
66
63
92
98
43
30
24
60
33
72
43
90
78
42
68
64
87
33
93
12
39
6
62
8
21
92
58
60
80
83
78
80
34
16
95
40
53
76
43
21
43
63
77
58
94
3
26
11
23
46
80
42
91
73
69
75
55
41
29
54
14
40
10
5
27
61
16
43
17
66
60
9
82
84
79
4
79
97
12
52
46
49
40
59
3
50
21
33
65
35
85
5
13
55
94
90
4
72
27
76
58
35
16
90
31
60
43
12
59
95
45
5
23
68
79
68
26
68
98
21
11
69
51
68
63
34
73
81
35
28
40
54
68
72
46
74
67
17
6
42
33
98
10
15
91
87
43
25
28
56
43
95
92
31
89
7
26
62
53
91
10
78
99
70
75
4
83
82
40
61
96
27
86
9
22
99
58
64
18
48
2
30
20
66
9
9
80
3
33
6
18
56
34
20
73
51
0
72
43
26
94
2
97
79
92
6
61
35
76
44
46
55
83
90
15
24
22
95
0
75
80
4
77
13
70
95
16
13
50
20
69
74
51
26
98
97
69
26
33
20
41
28
74
46
87
35
41
95
27
66
18
75
44
20
17
28
36
48
85
61
38
92
57
66
13
60
33
45
4
64
99
54
88
95
61
76
38
6
21
33
0
52
28
16
60
28
59
9
70
98
92
6
58
75
28
14
13
85
83
40
54
86
46
97
6
68
97
25
37
94
40
32
96
47
27
54
72
18
79
62
73
37
89
77
52
58
94
69
19
99
61
41
82
49
51
65
91
46
61
6
99
96
85
41
21
30
56
63
88
30
0
18
61
65
1
41
83
44
6
5
18
20
93
56
20
40
53
25
23
22
81
10
41
32
9
88
45
49
89
22
77
58
74
29
45
38
38
78
40
58
12
16
92
34
48
62
0
12
66
55
85
81
61
98
45
81
91
5
8
65
4
68
82
31
59
18
75
73
61
5
13
80
41
4
39
55
15
78
31
9
90
41
54
60
88
41
9
72
49
24
20
40
71
51
15
20
56
3
45
20
27
13
84
9
93
11
48
58
68
97
40
19
38
29
30
49
8
83
32
25
99
60
71
16
4
15
49
59
71
18
44
61
18
43
53
14
7
90
79
27
37
42
43
17
29
29
41
26
48
17
35
19
6
31
62
55
57
94
91
65
72
68
83
55
23
38
14
3
32
81
35
87
13
14
5
4
68
22
31
90
28
30
12
68
90
40
5
99
92
19
57
46
18
85
92
62
55
78
33
79
39
24
89
92
59
72
16
67
39
64
35
13
4
71
21
77
18
18
12
15
43
79
31
69
50
93
85
78
92
84
73
91
73
23
61
4
61
44
2
91
69
43
26
32
28
23
9
57
98
31
74
80
0
80
66
83
71
56
87
32
88
59
3
83
97
46
91
66
73
31
63
0
38
39
56
89
40
43
13
14
19
13
37
92
42
18
25
64
38
62
46
54
89
64
21
58
80
81
75
81
17
44
33
77
83
80
57
50
32
85
60
0
1
13
43
73
76
59
20
99
91
51
93
6
21
54
65
97
25
72
72
72
12
71
82
47
92
46
56
37
0
24
90
93
99
27
32
49
0
82
