36
54
62
23
51
20
79
90
51
81
43
55
72
58
63
10
24
38
58
21
36
88
91
56
9
40
4
9
57
79
32
31
40
93
24
30
50
31
79
49
39
33
88
76
18
22
70
97
28
42
68
77
77
62
48
92
25
24
33
74
28
21
48
42
89
36
55
93
61
52
85
95
4
59
35
90
89
63
53
80
22
85
1
40
20
76
8
88
60
20
66
31
76
5
85
30
17
12
83
5
29
52
1
31
30
45
44
34
17
67
45
22
74
58
58
22
5
3
12
58
50
6
0
71
50
30
90
32
98
91
80
45
93
67
6
59
1
81
87
84
43
22
25
85
64
57
97
54
65
46
92
16
27
48
89
51
64
93
1
60
38
99
43
30
45
24
97
45
61
6
60
10
54
37
42
27
7
71
3
8
42
83
35
56
90
81
15
10
85
17
63
5
49
43
34
27
81
44
30
35
5
72
3
23
94
80
87
49
56
38
28
60
91
92
46
76
97
17
92
96
13
60
26
37
29
39
42
8
46
11
67
87
34
19
8
40
7
7
66
47
63
68
4
75
53
57
16
17
98
88
90
74
89
75
74
39
84
11
43
90
15
68
99
74
80
11
19
39
86
17
87
33
92
51
23
93
22
35
77
44
5
7
4
87
40
5
74
58
99
83
61
48
69
92
72
92
95
9
0
28
6
95
39
79
82
21
82
85
21
22
74
19
76
56
57
39
18
40
19
59
90
4
57
10
54
87
22
33
74
24
83
53
72
76
97
81
11
53
15
67
66
94
59
7
41
17
3
99
51
37
88
3
89
93
1
45
96
4
74
77
18
15
57
0
42
97
90
39
93
68
75
16
13
54
7
87
13
9
17
11
8
63
98
40
79
37
78
9
94
92
4
40
59
36
36
85
78
26
2
69
61
76
59
3
79
39
75
61
24
68
95
34
72
11
68
19
49
66
33
40
49
7
63
94
53
63
45
15
55
66
60
58
14
83
29
44
79
4
51
72
42
98
12
80
11
21
91
44
11
3
80
45
8
64
99
86
92
54
52
10
6
6
21
28
89
7
75
96
66
34
57
55
74
4
18
49
38
85
54
91
73
9
69
81
67
48
13
94
91
22
38
3
25
90
8
25
67
34
83
18
78
17
60
72
2
96
4
42
40
2
10
40
87
54
66
98
94
15
5
68
79
80
5
65
66
14
69
22
38
95
87
3
25
72
10
53
36
24
94
71
1
24
22
43
96
88
29
67
21
0
46
10
84
23
75
77
33
61
98
4
62
90
73
62
99
1
99
84
68
95
68
19
69
49
43
79
5
61
8
57
89
64
97
50
58
19
78
66
12
23
40
93
41
12
83
8
62
33
60
7
48
9
14
34
89
39
57
42
6
71
85
71
29
7
57
93
40
72
83
17
73
82
38
46
17
79
99
23
24
63
5
3
38
78
96
61
28
67
31
42
23
61
90
66
86
56
99
31
87
82
59
32
91
48
65
55
3
37
43
22
76
57
25
48
7
22
62
71
90
12
65
21
15
16
57
73
35
40
98
64
15
45
76
2
91
1
72
87
83
85
54
67
22
64
36
98
43
42
64
88
64
43
48
73
91
42
57
81
28
10
83
36
64
50
72
4
55
43
52
24
85
27
19
18
35
63
71
89
14
16
74
89
45
56
20
11
47
25
21
92
1
72
85
83
82
43
54
56
25
0
12
41
84
87
8
23
82
27
70
32
52
90
8
65
5
34
88
59
47
23
91
1
2
11
21
52
80
14
49
66
44
32
78
89
85
49
32
71
39
8
16
25
56
63
38
17
40
78
53
85
39
58
98
53
20
14
59
25
47
42
3
29
61
53
98
58
16
69
70
69
31
13
82
75
55
39
76
32
11
51
26
53
62
9
90
6
54
91
18
53
3
11
39
1
59
93
49
58
61
60
80
10
36
27
11
73
77
78
34
70
41
47
72
19
89
24
27
48
21
3
62
71
96
30
92
3
6
36
3
54
64
41
1
13
48
54
56
85
9
33
73
84
46
24
34
55
12
44
12
98
7
85
76
4
33
33
48
42
34
48
71
59
44
16
65
27
35
13
8
1
41
22
51
22
3
46
33
56
99
63
19
20
6
19
24
60
36
34
54
34
20
15
21
43
70
69
40
31
51
9
92
94
31
67
81
86
74
67
60
76
61
87
83
19
6
46
53
60
95
0
34
88
71
37
90
63
18
80
26
9
10
94
35
24
72
63
48
30
22
9
28
97
40
54
32
54
49
1
15
58
